Coefficients: [-7.160704699870721,-0.8790457903861922,2.9592088779777836]
Intercept: 7.365745492696742
